$ANSIBLE_VAULT;1.1;AES256
63396262363166396434616631663961346663393963623739303336316434373363303434363563
3831373030376264356532656234303035636463343533350a613036313930633966616265373732
62313761393236306635343833613361323162383734653638313066316264613532633331303733
3464643261346262300a363435326265633930306439396432316538373933313738376430623061
36646231616561333632656536616138656630383631323332636464653030633863353235363332
66333763306262653630353564393239613661303463663636303266623164633566326233316263
37393061656161653237316233643061333062653338323133376532313261326164313437393336
64353665333233386537326662313031373830313462303464353635626163396430663534316232
39346138343062396165353766646339326166333738316636366365633461626436326639363434
62306237343237376635633730376636343965363435383864336162633161306363383930343839
37643532663861323933356136353165623236323232373633343333626461343437336566663164
38643035633934656239393964363861613062656332323835666261363464366564333331376466
33633532336661636333333536663431636361666135376238323564373964626433663733396362
31666561386665613832336434333733633739353837316663373039623634656132346239623039
33356537666632613562616138356566663066303062366434396634623765383739653664643234
61353531393635396561336333313766396231363065386165396631373839376535346666303964
35623839653863313339383634613231363163313137323731303838633135353738363665373236
34353634663730613235343931396432653063623539356465386138316231306334666531626433
31333462303536353432346638666665373131383730313236653637313863663261376336363934
66333266383663333966
